46 42 28 29 34 39 31 60
23 12 33 61 38 21 18 48
26 47 33 22 22 39 37 48
45 47 51 58 31 30 28 60
28 49 26 9 22 44 40 48
40 33 8 58 36 44 7 56
29 9 49 35 42 12 39 52
48 56 14 40 28 53 19 64
51 51 40 38 32 37 33 64
51 40 47 6 37 29 52 64
3 49 31 17 9 41 39 36
44 30 26 9 39 34 41 60
19 42 50 22 20 28 46 44
20 15 3 30 35 38 19 44
8 12 52 33 30 12 42 36
62 52 30 11 37 43 42 72
12 5 0 58 35 35 3 40
49 49 39 24 32 37 40 64
64 20 42 29 54 21 38 72
19 5 38 35 39 15 34 44
24 44 20 57 22 44 14 48
34 22 38 42 38 24 30 52
1 37 21 35 14 40 25 32
40 17 2 61 43 40 3 56
15 61 16 62 9 54 9 40
12 41 7 9 18 49 31 40
12 15 1 54 30 39 5 40
25 19 20 34 35 32 25 48
28 2 25 59 45 20 15 48
32 42 22 26 27 42 30 52
49 47 53 31 33 29 43 64
44 60 34 26 24 45 36 60
33 52 63 48 22 27 39 52
47 58 33 61 26 44 18 60
46 55 38 61 28 40 20 60
49 27 16 54 43 37 13 64
40 60 29 29 22 47 32 56
24 46 35 8 21 37 46 48
35 4 39 16 47 14 44 52
41 24 15 5 40 36 37 56
63 48 29 3 39 41 45 72
61 31 1 3 47 47 31 72
1 39 17 17 13 43 32 32
10 9 20 4 33 26 40 40
17 63 28 36 9 50 28 44
36 40 14 55 30 45 12 56
14 26 23 36 26 34 25 40
20 58 26 51 13 48 20 44
22 20 42 44 33 21 31 48
1 18 44 53 24 19 27 32
1 9 13 60 28 30 9 32
63 28 60 48 50 16 38 72
60 0 3 28 62 31 20 68
33 51 45 4 23 35 53 52
61 20 33 36 52 26 31 72
25 59 58 28 15 32 47 48
31 38 20 45 28 41 20 52
16 16 60 35 32 10 44 44
60 58 47 38 33 37 36 68
42 12 50 53 47 13 30 60
8 20 21 42 26 32 22 36
47 8 25 1 52 23 44 60
60 42 61 8 41 22 59 68
11 5 31 56 35 19 20 40
24 51 31 28 18 42 34 48
53 31 44 64 43 26 22 64
60 52 31 7 36 43 44 68
29 17 33 17 38 24 40 52
38 45 26 44 29 41 23 56
38 38 49 56 32 26 28 56
7 28 23 44 21 35 21 36
29 43 63 33 25 22 47 52
4 49 56 0 10 28 60 36
2 29 9 49 18 42 12 32
21 24 39 12 30 25 46 44
51 16 36 26 49 22 37 64
5 44 4 49 13 52 10 36
60 29 29 61 47 32 16 68
42 54 3 6 26 58 30 60
18 44 53 26 19 27 45 44
33 8 58 27 44 7 48 52
17 21 25 24 30 30 32 44
52 40 24 51 38 40 18 64
10 61 31 1 7 47 47 40
58 49 20 0 36 46 42 68
43 20 13 14 43 36 31 60
15 49 55 26 15 29 46 40
4 49 49 39 10 32 37 36
14 13 59 1 32 9 61 40
59 3 61 19 60 3 53 68
53 1 13 54 58 26 11 64
43 16 43 60 45 19 24 60
20 44 37 19 20 36 41 44
57 61 10 39 30 58 18 68
38 44 50 51 29 29 32 56
8 61 3 60 5 61 4 36
13 9 42 54 34 16 26 40
56 54 35 60 33 41 20 68
40 24 45 4 40 21 52 56
45 56 60 36 27 30 44 60
12 29 14 29 24 39 24 40
13 59 51 57 9 36 29 40
48 11 58 8 51 9 57 64
48 35 41 41 38 29 32 64
31 39 20 1 28 41 42 52
20 50 1 3 17 57 31 44
0 43 25 8 11 41 40 32
35 11 58 54 44 8 34 56
38 36 43 20 33 29 43 56
10 6 5 13 34 32 28 40
9 20 4 56 26 40 6 36
42 37 22 47 34 40 20 60
54 52 8 56 33 54 8 64
39 56 38 26 23 41 38 56
53 35 49 29 41 25 42 64
17 20 11 16 31 36 29 44
40 27 8 40 39 42 16 56
58 24 4 1 49 42 34 68
42 20 15 3 43 35 38 60
31 29 2 24 33 46 21 52
51 35 57 51 40 21 35 64
6 2 43 33 34 12 37 36
28 29 43 63 31 25 22 48
38 37 49 0 33 26 56 56
1 52 4 63 6 56 2 32
62 30 36 34 48 29 33 72
51 64 58 17 26 35 52 64
64 31 47 46 49 24 32 72
4 29 59 35 20 17 44 36
36 26 52 21 37 19 47 56
8 17 26 2 28 27 44 36
26 63 35 63 13 46 18 48
44 51 63 30 28 26 48 60
14 31 3 61 23 46 3 40
61 17 10 61 54 35 7 72
4 61 57 24 4 34 48 36
37 30 35 58 36 30 20 56
58 2 30 14 60 18 40 68
25 8 34 44 40 19 27 48
17 31 56 54 25 20 33 44
57 26 56 47 47 17 37 68
19 12 43 28 36 16 39 44
26 48 19 1 21 46 41 48
7 10 63 41 30 5 43 36
29 10 33 3 42 20 47 52
61 10 39 50 58 18 27 72
15 52 61 60 14 28 33 40
41 1 37 21 52 14 40 56
38 64 57 48 19 36 36 56
56 60 36 14 30 44 43 68
55 38 45 26 40 29 41 68
19 63 35 6 10 46 46 44
51 49 56 1 33 28 59 64
3 63 27 19 2 50 36 36
56 45 52 37 37 28 40 68
62 26 62 40 50 14 43 72
42 58 52 19 24 35 49 60
58 31 23 19 45 36 34 68
33 36 40 58 31 30 23 52
54 56 24 46 31 48 21 68
56 12 48 11 54 14 51 68
38 29 0 36 36 47 14 56
13 56 26 59 11 47 16 40
43 38 24 60 34 39 14 60
34 26 4 40 36 43 14 52
45 48 24 43 31 44 23 60
42 28 35 53 39 28 23 60
28 60 48 13 16 38 50 48
58 23 52 20 49 17 48 68
47 50 35 20 30 40 39 60
12 61 31 44 7 47 26 40
55 15 61 51 52 9 37 68
17 60 15 28 11 54 25 44
28 33 61 28 29 18 49 48
31 19 59 20 38 12 52 52
45 52 19 13 28 48 35 60
12 50 53 35 13 30 41 40
29 29 61 1 32 16 62 52
49 4 27 42 54 20 25 64
10 47 61 45 13 25 40 40
38 27 1 1 38 45 32 56
19 29 34 42 27 30 28 44
12 33 61 17 21 18 54 40
42 40 28 33 33 38 29 60
28 23 18 6 35 35 38 48
54 61 38 41 28 44 31 68
1 3 60 35 31 4 45 32
64 15 48 40 57 15 36 72
61 3 60 15 61 4 55 72
52 36 24 29 40 38 29 64
22 33 17 4 27 40 38 48
49 56 52 3 28 34 57 64
2 22 28 21 22 29 35 32
36 20 50 39 40 17 37 56
55 28 23 18 45 35 35 68
23 18 6 36 35 38 17 48
5 12 22 23 29 27 31 36
41 13 61 54 46 8 36 56
55 60 56 26 29 34 47 68
36 61 30 29 20 48 33 56
1 37 22 59 14 39 14 32
40 41 17 15 32 44 33 56
44 45 32 58 31 39 19 60
17 35 41 31 23 29 37 44
36 42 36 54 29 35 23 56
54 49 23 47 35 45 20 68
10 15 38 9 29 20 46 40
54 1 4 15 58 31 27 64
36 40 58 1 30 23 60 56
1 1 51 12 32 7 52 32
49 58 34 18 27 44 40 64
40 17 24 15 44 29 36 56
57 48 3 22 36 54 22 68
33 13 17 19 42 30 31 52
10 47 28 28 13 42 32 40
39 22 38 0 41 24 51 56
56 36 38 25 42 31 39 68
22 19 33 37 34 25 30 48
30 49 47 53 23 33 29 52
14 21 61 18 28 12 54 40
14 44 53 4 17 28 57 40
40 47 6 58 29 52 6 56
19 10 9 7 36 33 33 44
4 3 6 45 33 31 12 36
36 3 3 52 49 32 7 56
51 40 10 47 37 47 13 64
28 61 57 3 15 34 59 48
0 60 20 36 2 52 24 32
57 28 61 57 46 15 34 68
27 18 11 42 36 36 16 48
23 46 56 43 20 27 38 48
17 44 7 28 19 50 21 44
40 59 6 56 23 58 7 56
41 36 54 45 35 23 37 56
54 3 6 62 58 30 4 68
20 55 28 23 14 45 35 44
64 64 31 47 32 49 24 72
40 24 51 61 40 18 27 56
15 20 52 41 29 16 37 40
26 10 9 20 40 33 26 48
17 52 51 53 14 33 31 44
33 61 28 13 18 49 39 52
36 13 19 14 43 29 34 56
4 22 44 27 23 21 41 36
38 10 27 47 46 23 22 56
56 7 14 19 57 28 29 68
24 29 19 5 29 37 39 48
39 50 33 63 27 40 17 56
19 61 45 18 11 40 46 44
57 16 45 47 52 18 31 68
51 52 28 12 31 44 40 64
58 35 47 8 44 26 52 68
13 19 6 22 29 38 24 40
6 24 56 17 23 16 52 36
0 20 0 64 22 42 0 32
3 8 38 9 29 17 47 32
5 30 11 11 20 42 32 36
31 33 57 40 31 20 40 52
31 40 31 10 28 36 43 52
27 27 54 3 32 18 58 48
1 3 36 1 31 16 50 32
40 62 53 10 21 36 53 56
58 17 13 4 52 34 36 68
0 46 23 40 9 44 23 32
14 58 33 14 10 44 41 40
38 58 63 42 22 29 43 56
45 17 6 28 46 37 21 60
62 24 60 50 51 14 37 72
42 44 8 42 31 50 15 60
51 58 24 27 28 49 31 64
9 49 35 48 12 39 25 36
63 33 20 7 47 39 38 72
20 60 31 40 12 46 28 44
61 9 26 1 58 24 44 72
28 58 61 35 17 30 45 48
44 28 46 19 40 23 46 60
29 61 48 29 16 38 42 52
15 40 46 49 20 29 30 40
17 3 42 8 39 12 49 44
47 11 26 16 50 24 37 60
3 12 33 28 28 21 35 32
48 53 8 20 29 54 26 64
57 35 11 58 43 44 8 68
51 40 38 42 37 33 30 64
60 13 1 54 55 38 5 68
33 58 36 13 20 43 43 52
42 8 32 51 49 20 22 60
36 63 10 44 19 59 15 56
27 38 36 43 27 33 29 48
13 63 58 30 7 35 46 40
12 51 63 11 12 26 58 40
26 58 19 47 16 52 18 48
48 54 19 40 29 49 21 64
35 53 61 26 23 28 49 56
27 31 54 45 30 20 36 48
3 47 49 10 10 31 51 36
38 31 54 7 36 20 56 56
12 0 30 11 38 17 42 40
29 0 36 22 47 14 39 52
52 60 44 41 28 40 33 64
24 15 34 6 36 22 46 48
43 60 24 51 24 50 18 60
60 40 42 44 42 31 31 68
38 21 58 31 40 14 45 56
12 54 12 46 11 53 15 40
48 24 43 63 44 23 22 64
35 10 42 20 44 16 43 52
2 43 33 33 12 37 32 32
52 51 53 43 33 31 37 64
6 20 55 38 25 15 40 36
58 2 45 15 60 10 47 68
51 63 11 44 26 58 15 64
3 58 51 51 4 36 32 32
29 56 9 58 19 56 8 52
58 20 44 26 51 20 41 68
53 63 58 4 27 34 59 64
62 60 22 38 33 51 24 72
29 52 49 1 20 34 56 52
30 26 9 41 34 41 16 52
2 25 59 58 20 15 32 32
27 52 52 32 20 32 42 48
56 24 58 36 48 15 43 68
33 13 59 51 42 9 36 52
27 1 1 51 45 32 7 48
45 63 24 54 23 52 17 60
61 37 58 10 44 21 56 72
15 5 12 22 37 29 27 40
61 21 55 0 52 15 60 72
36 3 41 36 49 13 35 56
52 19 13 7 48 35 35 64
50 51 51 32 31 32 41 64
51 45 4 47 35 53 10 64
31 10 47 28 43 13 42 52
24 43 54 60 23 27 29 48
60 22 6 20 51 40 25 68
45 57 62 52 26 29 37 60
6 56 56 48 7 32 36 36
5 19 13 26 25 35 26 36
51 51 32 58 32 41 19 64
52 61 60 22 28 33 51 64
2 19 41 50 23 21 28 32
51 12 32 18 52 22 39 64
10 6 20 55 34 25 15 40
8 40 59 26 16 23 49 36
64 17 13 64 55 34 7 72
56 5 36 55 57 16 23 68
10 33 3 63 20 47 2 40
56 1 17 8 59 24 36 68
28 45 35 44 24 37 27 48
63 12 24 24 58 26 32 72
37 22 59 22 39 14 51 56
22 23 31 60 31 28 18 44
43 38 37 49 34 33 26 60
18 31 52 17 25 22 49 44
45 61 12 24 24 56 26 60
52 44 0 31 36 54 17 64
51 51 54 14 32 31 52 64
61 4 31 33 61 18 31 72
35 54 12 5 22 53 35 52
40 54 42 61 25 38 22 56
22 52 28 34 17 44 29 48
60 12 52 28 56 12 44 68
36 0 27 49 50 19 21 56
42 41 61 4 32 22 61 60
37 24 31 9 38 28 43 56
63 40 63 47 44 20 40 72
32 3 10 6 47 28 34 52
58 6 47 54 58 11 29 68
9 26 47 58 23 22 26 36
51 38 12 45 39 45 15 64
48 49 17 51 32 48 15 64
49 6 28 27 53 21 32 64
44 63 40 63 22 44 20 60
19 42 28 61 21 39 15 44
54 45 60 17 36 25 53 64
61 19 24 30 53 29 29 72
3 61 63 33 3 31 47 36
42 39 18 59 33 43 12 60
23 45 52 29 21 28 44 48
57 56 34 54 33 43 22 68
38 49 1 42 27 56 12 56
27 41 44 28 25 30 40 48
49 17 51 31 48 15 42 64
27 63 60 43 14 34 41 48
31 28 5 60 34 43 4 52
16 49 17 35 15 48 23 44
44 60 10 4 24 57 35 60
3 15 31 39 26 24 28 36
52 63 48 29 27 39 41 64
52 10 43 51 53 16 28 64
54 45 53 16 37 28 51 68
54 16 49 56 51 15 29 64
28 22 40 52 35 23 26 48
18 51 1 19 15 57 23 44
24 15 5 12 36 37 29 48
20 35 42 12 25 28 47 44
51 37 24 42 39 39 23 64
49 56 1 17 28 59 24 64
62 60 58 16 33 33 53 72
27 38 19 61 26 42 11 48
59 24 0 62 49 44 1 68
44 20 57 10 44 14 55 60
37 51 16 36 25 49 22 56
0 12 51 9 26 13 53 32
13 23 15 49 27 36 15 40
25 40 42 58 25 31 24 48
9 38 44 50 18 29 29 36
1 19 0 8 23 41 28 32
61 54 58 23 36 30 49 72
33 47 8 45 25 52 13 52
27 43 54 32 24 26 43 48
40 35 0 12 35 49 26 56
40 42 58 51 31 24 36 56
22 1 51 60 43 7 28 44
56 2 26 40 59 20 25 68
43 25 8 34 41 40 19 60
38 0 60 20 51 2 52 56
47 47 29 10 32 41 42 60
25 1 43 38 44 11 34 48
57 64 22 51 28 53 18 68
26 53 13 44 19 52 16 48
55 38 61 9 40 20 58 68
28 6 5 45 43 32 12 48
14 31 64 57 23 16 36 40
48 14 61 58 49 9 34 64
43 63 33 8 22 47 44 60
17 33 17 0 24 40 40 44
19 26 11 8 28 40 33 44
53 4 5 44 57 31 13 64
13 27 63 50 25 14 38 40
36 13 19 6 43 29 38 56
58 28 56 12 47 18 54 68
3 0 60 8 34 2 58 36
28 35 53 61 28 23 28 48
21 42 58 6 22 24 58 44
24 45 4 3 21 52 33 48
41 31 20 16 37 37 34 56
54 24 44 20 47 22 44 68
52 4 63 4 56 2 62 64
