-2190 -1920 -1113 -489 -51 279 459 552 534 408 441
-246 -148 177 341 375 309 121 -156 -578 -1176 -1173
-374 -262 104 302 362 318 146 -118 -530 -1120 -1114
-2107 -1841 -1043 -434 -14 294 448 511 455 280 313
-457 -341 34 247 325 303 157 -77 -451 -992 -986
-1557 -1341 -684 -207 99 297 351 315 153 -144 -120
-796 -648 -182 114 262 306 218 40 -276 -752 -740
-2529 -2227 -1329 -622 -114 282 520 669 709 648 687
-2740 -2420 -1472 -716 -164 276 556 748 836 832 874
-2740 -2420 -1472 -716 -164 276 556 748 836 832 874
1487 1431 1324 1077 751 333 -181 -785 -1563 -2576 -2600
-1979 -1727 -970 -395 -1 285 423 473 407 224 254
304 352 536 568 488 312 24 -352 -880 -1600 -1606
176 238 463 529 475 321 49 -314 -832 -1544 -1547
1276 1238 1181 983 701 327 -145 -706 -1436 -2392 -2413
-3712 -3306 -2117 -1131 -377 261 725 1102 1392 1624 1681
937 931 965 850 638 330 -84 -589 -1261 -2152 -2167
-2529 -2227 -1329 -622 -114 282 520 669 709 648 687
-3840 -3420 -2190 -1170 -390 270 750 1140 1440 1680 1740
304 352 536 568 488 312 24 -352 -880 -1600 -1606
-246 -148 177 341 375 309 121 -156 -578 -1176 -1173
-1007 -841 -325 20 212 300 254 119 -149 -568 -553
1909 1817 1610 1265 851 345 -253 -943 -1817 -2944 -2974
-1557 -1341 -684 -207 99 297 351 315 153 -144 -120
726 738 822 756 588 324 -48 -510 -1134 -1968 -1980
854 852 895 795 601 315 -73 -548 -1182 -2024 -2039
854 852 895 795 601 315 -73 -548 -1182 -2024 -2039
-246 -148 177 341 375 309 121 -156 -578 -1176 -1173
-457 -341 34 247 325 303 157 -77 -451 -992 -986
-1007 -841 -325 20 212 300 254 119 -149 -568 -553
-2529 -2227 -1329 -622 -114 282 520 669 709 648 687
-1979 -1727 -970 -395 -1 285 423 473 407 224 254
-1007 -841 -325 20 212 300 254 119 -149 -568 -553
-2190 -1920 -1113 -489 -51 279 459 552 534 408 441
-2190 -1920 -1113 -489 -51 279 459 552 534 408 441
-2529 -2227 -1329 -622 -114 282 520 669 709 648 687
-1557 -1341 -684 -207 99 297 351 315 153 -144 -120
-246 -148 177 341 375 309 121 -156 -578 -1176 -1173
-1090 -920 -395 -35 175 285 265 160 -70 -440 -425
-1640 -1420 -754 -262 62 282 362 356 232 -16 8
-3840 -3420 -2190 -1170 -390 270 750 1140 1440 1680 1740
-3712 -3306 -2117 -1131 -377 261 725 1102 1392 1624 1681
1909 1817 1610 1265 851 345 -253 -943 -1817 -2944 -2974
937 931 965 850 638 330 -84 -589 -1261 -2152 -2167
387 431 606 623 525 327 13 -393 -959 -1728 -1734
-1346 -1148 -541 -113 149 303 315 236 26 -328 -307
726 738 822 756 588 324 -48 -510 -1134 -1968 -1980
176 238 463 529 475 321 49 -314 -832 -1544 -1547
-118 -34 250 380 388 300 96 -194 -626 -1232 -1232
1909 1817 1610 1265 851 345 -253 -943 -1817 -2944 -2974
1909 1817 1610 1265 851 345 -253 -943 -1817 -2944 -2974
-3712 -3306 -2117 -1131 -377 261 725 1102 1392 1624 1681
-3373 -2999 -1901 -998 -314 258 664 985 1217 1384 1435
-1007 -841 -325 20 212 300 254 119 -149 -568 -553
-3712 -3306 -2117 -1131 -377 261 725 1102 1392 1624 1681
-246 -148 177 341 375 309 121 -156 -578 -1176 -1173
-796 -648 -182 114 262 306 218 40 -276 -752 -740
515 545 679 662 538 318 -12 -431 -1007 -1784 -1793
-3373 -2999 -1901 -998 -314 258 664 985 1217 1384 1435
-1979 -1727 -970 -395 -1 285 423 473 407 224 254
1276 1238 1181 983 701 327 -145 -706 -1436 -2392 -2413
-2190 -1920 -1113 -489 -51 279 459 552 534 408 441
-3373 -2999 -1901 -998 -314 258 664 985 1217 1384 1435
937 931 965 850 638 330 -84 -589 -1261 -2152 -2167
-246 -148 177 341 375 309 121 -156 -578 -1176 -1173
-2740 -2420 -1472 -716 -164 276 556 748 836 832 874
-3373 -2999 -1901 -998 -314 258 664 985 1217 1384 1435
-796 -648 -182 114 262 306 218 40 -276 -752 -740
-1429 -1227 -611 -168 112 288 326 277 105 -200 -179
-1429 -1227 -611 -168 112 288 326 277 105 -200 -179
1359 1317 1251 1038 738 342 -156 -747 -1515 -2520 -2541
-796 -648 -182 114 262 306 218 40 -276 -752 -740
1487 1431 1324 1077 751 333 -181 -785 -1563 -2576 -2600
1909 1817 1610 1265 851 345 -253 -943 -1817 -2944 -2974
176 238 463 529 475 321 49 -314 -832 -1544 -1547
-2740 -2420 -1472 -716 -164 276 556 748 836 832 874
1487 1431 1324 1077 751 333 -181 -785 -1563 -2576 -2600
-3290 -2920 -1831 -943 -277 273 653 944 1138 1256 1307
-1979 -1727 -970 -395 -1 285 423 473 407 224 254
304 352 536 568 488 312 24 -352 -880 -1600 -1606
-1007 -841 -325 20 212 300 254 119 -149 -568 -553
304 352 536 568 488 312 24 -352 -880 -1600 -1606
-2740 -2420 -1472 -716 -164 276 556 748 836 832 874
937 931 965 850 638 330 -84 -589 -1261 -2152 -2167
-3290 -2920 -1831 -943 -277 273 653 944 1138 1256 1307
-1979 -1727 -970 -395 -1 285 423 473 407 224 254
726 738 822 756 588 324 -48 -510 -1134 -1968 -1980
1487 1431 1324 1077 751 333 -181 -785 -1563 -2576 -2600
726 738 822 756 588 324 -48 -510 -1134 -1968 -1980
-3290 -2920 -1831 -943 -277 273 653 944 1138 1256 1307
-2740 -2420 -1472 -716 -164 276 556 748 836 832 874
-1979 -1727 -970 -395 -1 285 423 473 407 224 254
176 238 463 529 475 321 49 -314 -832 -1544 -1547
-3162 -2806 -1758 -904 -264 264 628 906 1090 1200 1248
-1429 -1227 -611 -168 112 288 326 277 105 -200 -179
1359 1317 1251 1038 738 342 -156 -747 -1515 -2520 -2541
854 852 895 795 601 315 -73 -548 -1182 -2024 -2039
-3079 -2727 -1688 -849 -227 279 617 865 1011 1072 1120
-1640 -1420 -754 -262 62 282 362 356 232 -16 8
-2107 -1841 -1043 -434 -14 294 448 511 455 280 313
854 852 895 795 601 315 -73 -548 -1182 -2024 -2039
854 852 895 795 601 315 -73 -548 -1182 -2024 -2039
-2529 -2227 -1329 -622 -114 282 520 669 709 648 687
-2529 -2227 -1329 -622 -114 282 520 669 709 648 687
-879 -727 -252 59 225 291 229 81 -197 -624 -612
176 238 463 529 475 321 49 -314 -832 -1544 -1547
1909 1817 1610 1265 851 345 -253 -943 -1817 -2944 -2974
-1218 -1034 -468 -74 162 294 290 198 -22 -384 -366
-1429 -1227 -611 -168 112 288 326 277 105 -200 -179
937 931 965 850 638 330 -84 -589 -1261 -2152 -2167
1276 1238 1181 983 701 327 -145 -706 -1436 -2392 -2413
-1979 -1727 -970 -395 -1 285 423 473 407 224 254
-2740 -2420 -1472 -716 -164 276 556 748 836 832 874
-1557 -1341 -684 -207 99 297 351 315 153 -144 -120
-2740 -2420 -1472 -716 -164 276 556 748 836 832 874
304 352 536 568 488 312 24 -352 -880 -1600 -1606
-1557 -1341 -684 -207 99 297 351 315 153 -144 -120
-3290 -2920 -1831 -943 -277 273 653 944 1138 1256 1307
-1979 -1727 -970 -395 -1 285 423 473 407 224 254
-796 -648 -182 114 262 306 218 40 -276 -752 -740
-2612 -2306 -1399 -677 -151 267 531 710 788 776 815
1487 1431 1324 1077 751 333 -181 -785 -1563 -2576 -2600
-457 -341 34 247 325 303 157 -77 -451 -992 -986
-1557 -1341 -684 -207 99 297 351 315 153 -144 -120
1909 1817 1610 1265 851 345 -253 -943 -1817 -2944 -2974
-3712 -3306 -2117 -1131 -377 261 725 1102 1392 1624 1681
-2740 -2420 -1472 -716 -164 276 556 748 836 832 874
-3840 -3420 -2190 -1170 -390 270 750 1140 1440 1680 1740
1487 1431 1324 1077 751 333 -181 -785 -1563 -2576 -2600
-1429 -1227 -611 -168 112 288 326 277 105 -200 -179
1276 1238 1181 983 701 327 -145 -706 -1436 -2392 -2413
-246 -148 177 341 375 309 121 -156 -578 -1176 -1173
-1979 -1727 -970 -395 -1 285 423 473 407 224 254
726 738 822 756 588 324 -48 -510 -1134 -1968 -1980
-3712 -3306 -2117 -1131 -377 261 725 1102 1392 1624 1681
1487 1431 1324 1077 751 333 -181 -785 -1563 -2576 -2600
-1429 -1227 -611 -168 112 288 326 277 105 -200 -179
-3290 -2920 -1831 -943 -277 273 653 944 1138 1256 1307
-246 -148 177 341 375 309 121 -156 -578 -1176 -1173
387 431 606 623 525 327 13 -393 -959 -1728 -1734
-3162 -2806 -1758 -904 -264 264 628 906 1090 1200 1248
304 352 536 568 488 312 24 -352 -880 -1600 -1606
-457 -341 34 247 325 303 157 -77 -451 -992 -986
1404 1352 1254 1022 714 318 -170 -744 -1484 -2448 -2472
-796 -648 -182 114 262 306 218 40 -276 -752 -740
-3712 -3306 -2117 -1131 -377 261 725 1102 1392 1624 1681
726 738 822 756 588 324 -48 -510 -1134 -1968 -1980
-1640 -1420 -754 -262 62 282 362 356 232 -16 8
-1429 -1227 -611 -168 112 288 326 277 105 -200 -179
-3162 -2806 -1758 -904 -264 264 628 906 1090 1200 1248
-3079 -2727 -1688 -849 -227 279 617 865 1011 1072 1120
176 238 463 529 475 321 49 -314 -832 -1544 -1547
-2740 -2420 -1472 -716 -164 276 556 748 836 832 874
1487 1431 1324 1077 751 333 -181 -785 -1563 -2576 -2600
-3162 -2806 -1758 -904 -264 264 628 906 1090 1200 1248
-3712 -3306 -2117 -1131 -377 261 725 1102 1392 1624 1681
-1979 -1727 -970 -395 -1 285 423 473 407 224 254
-3290 -2920 -1831 -943 -277 273 653 944 1138 1256 1307
-1007 -841 -325 20 212 300 254 119 -149 -568 -553
-3079 -2727 -1688 -849 -227 279 617 865 1011 1072 1120
-3162 -2806 -1758 -904 -264 264 628 906 1090 1200 1248
-1557 -1341 -684 -207 99 297 351 315 153 -144 -120
937 931 965 850 638 330 -84 -589 -1261 -2152 -2167
-1979 -1727 -970 -395 -1 285 423 473 407 224 254
-1007 -841 -325 20 212 300 254 119 -149 -568 -553
-2107 -1841 -1043 -434 -14 294 448 511 455 280 313
-1979 -1727 -970 -395 -1 285 423 473 407 224 254
-457 -341 34 247 325 303 157 -77 -451 -992 -986
-3290 -2920 -1831 -943 -277 273 653 944 1138 1256 1307
-2190 -1920 -1113 -489 -51 279 459 552 534 408 441
937 931 965 850 638 330 -84 -589 -1261 -2152 -2167
-3079 -2727 -1688 -849 -227 279 617 865 1011 1072 1120
304 352 536 568 488 312 24 -352 -880 -1600 -1606
-457 -341 34 247 325 303 157 -77 -451 -992 -986
-796 -648 -182 114 262 306 218 40 -276 -752 -740
-2107 -1841 -1043 -434 -14 294 448 511 455 280 313
854 852 895 795 601 315 -73 -548 -1182 -2024 -2039
-796 -648 -182 114 262 306 218 40 -276 -752 -740
-2529 -2227 -1329 -622 -114 282 520 669 709 648 687
1065 1045 1038 889 651 321 -109 -627 -1309 -2208 -2226
-1557 -1341 -684 -207 99 297 351 315 153 -144 -120
304 352 536 568 488 312 24 -352 -880 -1600 -1606
854 852 895 795 601 315 -73 -548 -1182 -2024 -2039
-1979 -1727 -970 -395 -1 285 423 473 407 224 254
-457 -341 34 247 325 303 157 -77 -451 -992 -986
-3079 -2727 -1688 -849 -227 279 617 865 1011 1072 1120
1909 1817 1610 1265 851 345 -253 -943 -1817 -2944 -2974
-3840 -3420 -2190 -1170 -390 270 750 1140 1440 1680 1740
-3712 -3306 -2117 -1131 -377 261 725 1102 1392 1624 1681
-2740 -2420 -1472 -716 -164 276 556 748 836 832 874
-246 -148 177 341 375 309 121 -156 -578 -1176 -1173
-2529 -2227 -1329 -622 -114 282 520 669 709 648 687
1826 1738 1540 1210 814 330 -242 -902 -1738 -2816 -2846
-1429 -1227 -611 -168 112 288 326 277 105 -200 -179
-3079 -2727 -1688 -849 -227 279 617 865 1011 1072 1120
-246 -148 177 341 375 309 121 -156 -578 -1176 -1173
1487 1431 1324 1077 751 333 -181 -785 -1563 -2576 -2600
-1640 -1420 -754 -262 62 282 362 356 232 -16 8
-3079 -2727 -1688 -849 -227 279 617 865 1011 1072 1120
-1346 -1148 -541 -113 149 303 315 236 26 -328 -307
1909 1817 1610 1265 851 345 -253 -943 -1817 -2944 -2974
-1557 -1341 -684 -207 99 297 351 315 153 -144 -120
-1979 -1727 -970 -395 -1 285 423 473 407 224 254
304 352 536 568 488 312 24 -352 -880 -1600 -1606
-1346 -1148 -541 -113 149 303 315 236 26 -328 -307
-3079 -2727 -1688 -849 -227 279 617 865 1011 1072 1120
937 931 965 850 638 330 -84 -589 -1261 -2152 -2167
-2868 -2534 -1545 -755 -177 285 581 786 884 888 933
-1429 -1227 -611 -168 112 288 326 277 105 -200 -179
1909 1817 1610 1265 851 345 -253 -943 -1817 -2944 -2974
-2529 -2227 -1329 -622 -114 282 520 669 709 648 687
-1557 -1341 -684 -207 99 297 351 315 153 -144 -120
-3290 -2920 -1831 -943 -277 273 653 944 1138 1256 1307
-1007 -841 -325 20 212 300 254 119 -149 -568 -553
937 931 965 850 638 330 -84 -589 -1261 -2152 -2167
-1557 -1341 -684 -207 99 297 351 315 153 -144 -120
-3162 -2806 -1758 -904 -264 264 628 906 1090 1200 1248
-118 -34 250 380 388 300 96 -194 -626 -1232 -1232
-796 -648 -182 114 262 306 218 40 -276 -752 -740
726 738 822 756 588 324 -48 -510 -1134 -1968 -1980
726 738 822 756 588 324 -48 -510 -1134 -1968 -1980
-1557 -1341 -684 -207 99 297 351 315 153 -144 -120
176 238 463 529 475 321 49 -314 -832 -1544 -1547
1487 1431 1324 1077 751 333 -181 -785 -1563 -2576 -2600
-1429 -1227 -611 -168 112 288 326 277 105 -200 -179
-2740 -2420 -1472 -716 -164 276 556 748 836 832 874
-457 -341 34 247 325 303 157 -77 -451 -992 -986
1909 1817 1610 1265 851 345 -253 -943 -1817 -2944 -2974
-3162 -2806 -1758 -904 -264 264 628 906 1090 1200 1248
-457 -341 34 247 325 303 157 -77 -451 -992 -986
-246 -148 177 341 375 309 121 -156 -578 -1176 -1173
304 352 536 568 488 312 24 -352 -880 -1600 -1606
-1557 -1341 -684 -207 99 297 351 315 153 -144 -120
-1557 -1341 -684 -207 99 297 351 315 153 -144 -120
-3079 -2727 -1688 -849 -227 279 617 865 1011 1072 1120
176 238 463 529 475 321 49 -314 -832 -1544 -1547
-3840 -3420 -2190 -1170 -390 270 750 1140 1440 1680 1740
-1557 -1341 -684 -207 99 297 351 315 153 -144 -120
726 738 822 756 588 324 -48 -510 -1134 -1968 -1980
-457 -341 34 247 325 303 157 -77 -451 -992 -986
387 431 606 623 525 327 13 -393 -959 -1728 -1734
-1007 -841 -325 20 212 300 254 119 -149 -568 -553
-1429 -1227 -611 -168 112 288 326 277 105 -200 -179
1487 1431 1324 1077 751 333 -181 -785 -1563 -2576 -2600
-1429 -1227 -611 -168 112 288 326 277 105 -200 -179
-3162 -2806 -1758 -904 -264 264 628 906 1090 1200 1248
-246 -148 177 341 375 309 121 -156 -578 -1176 -1173
-1557 -1341 -684 -207 99 297 351 315 153 -144 -120
304 352 536 568 488 312 24 -352 -880 -1600 -1606
-3162 -2806 -1758 -904 -264 264 628 906 1090 1200 1248
-2740 -2420 -1472 -716 -164 276 556 748 836 832 874
-3290 -2920 -1831 -943 -277 273 653 944 1138 1256 1307
726 738 822 756 588 324 -48 -510 -1134 -1968 -1980
1487 1431 1324 1077 751 333 -181 -785 -1563 -2576 -2600
1909 1817 1610 1265 851 345 -253 -943 -1817 -2944 -2974
1826 1738 1540 1210 814 330 -242 -902 -1738 -2816 -2846
1487 1431 1324 1077 751 333 -181 -785 -1563 -2576 -2600
-796 -648 -182 114 262 306 218 40 -276 -752 -740
-796 -648 -182 114 262 306 218 40 -276 -752 -740
-457 -341 34 247 325 303 157 -77 -451 -992 -986
1909 1817 1610 1265 851 345 -253 -943 -1817 -2944 -2974
-1557 -1341 -684 -207 99 297 351 315 153 -144 -120
-3290 -2920 -1831 -943 -277 273 653 944 1138 1256 1307
1909 1817 1610 1265 851 345 -253 -943 -1817 -2944 -2974
726 738 822 756 588 324 -48 -510 -1134 -1968 -1980
-1429 -1227 -611 -168 112 288 326 277 105 -200 -179
-2190 -1920 -1113 -489 -51 279 459 552 534 408 441
-3712 -3306 -2117 -1131 -377 261 725 1102 1392 1624 1681
-1979 -1727 -970 -395 -1 285 423 473 407 224 254
-2740 -2420 -1472 -716 -164 276 556 748 836 832 874
1276 1238 1181 983 701 327 -145 -706 -1436 -2392 -2413
-3840 -3420 -2190 -1170 -390 270 750 1140 1440 1680 1740
176 238 463 529 475 321 49 -314 -832 -1544 -1547
-3712 -3306 -2117 -1131 -377 261 725 1102 1392 1624 1681
-457 -341 34 247 325 303 157 -77 -451 -992 -986
-1979 -1727 -970 -395 -1 285 423 473 407 224 254
-796 -648 -182 114 262 306 218 40 -276 -752 -740
726 738 822 756 588 324 -48 -510 -1134 -1968 -1980
304 352 536 568 488 312 24 -352 -880 -1600 -1606
-2190 -1920 -1113 -489 -51 279 459 552 534 408 441
1826 1738 1540 1210 814 330 -242 -902 -1738 -2816 -2846
-2529 -2227 -1329 -622 -114 282 520 669 709 648 687
-3162 -2806 -1758 -904 -264 264 628 906 1090 1200 1248
-2612 -2306 -1399 -677 -151 267 531 710 788 776 815
-3373 -2999 -1901 -998 -314 258 664 985 1217 1384 1435
-1007 -841 -325 20 212 300 254 119 -149 -568 -553
-1979 -1727 -970 -395 -1 285 423 473 407 224 254
-1346 -1148 -541 -113 149 303 315 236 26 -328 -307
-457 -341 34 247 325 303 157 -77 -451 -992 -986
854 852 895 795 601 315 -73 -548 -1182 -2024 -2039
854 852 895 795 601 315 -73 -548 -1182 -2024 -2039
-374 -262 104 302 362 318 146 -118 -530 -1120 -1114
-2529 -2227 -1329 -622 -114 282 520 669 709 648 687
-1346 -1148 -541 -113 149 303 315 236 26 -328 -307
-457 -341 34 247 325 303 157 -77 -451 -992 -986
1615 1545 1397 1116 764 324 -206 -823 -1611 -2632 -2659
-1429 -1227 -611 -168 112 288 326 277 105 -200 -179
854 852 895 795 601 315 -73 -548 -1182 -2024 -2039
-796 -648 -182 114 262 306 218 40 -276 -752 -740
-2740 -2420 -1472 -716 -164 276 556 748 836 832 874
-246 -148 177 341 375 309 121 -156 -578 -1176 -1173
-1979 -1727 -970 -395 -1 285 423 473 407 224 254
-3290 -2920 -1831 -943 -277 273 653 944 1138 1256 1307
-1429 -1227 -611 -168 112 288 326 277 105 -200 -179
937 931 965 850 638 330 -84 -589 -1261 -2152 -2167
-2529 -2227 -1329 -622 -114 282 520 669 709 648 687
-1090 -920 -395 -35 175 285 265 160 -70 -440 -425
1909 1817 1610 1265 851 345 -253 -943 -1817 -2944 -2974
-2740 -2420 -1472 -716 -164 276 556 748 836 832 874
1487 1431 1324 1077 751 333 -181 -785 -1563 -2576 -2600
-3290 -2920 -1831 -943 -277 273 653 944 1138 1256 1307
-2740 -2420 -1472 -716 -164 276 556 748 836 832 874
1909 1817 1610 1265 851 345 -253 -943 -1817 -2944 -2974
-796 -648 -182 114 262 306 218 40 -276 -752 -740
-3290 -2920 -1831 -943 -277 273 653 944 1138 1256 1307
-2740 -2420 -1472 -716 -164 276 556 748 836 832 874
-3712 -3306 -2117 -1131 -377 261 725 1102 1392 1624 1681
-796 -648 -182 114 262 306 218 40 -276 -752 -740
-796 -648 -182 114 262 306 218 40 -276 -752 -740
1826 1738 1540 1210 814 330 -242 -902 -1738 -2816 -2846
-457 -341 34 247 325 303 157 -77 -451 -992 -986
-3162 -2806 -1758 -904 -264 264 628 906 1090 1200 1248
-1007 -841 -325 20 212 300 254 119 -149 -568 -553
-457 -341 34 247 325 303 157 -77 -451 -992 -986
-2107 -1841 -1043 -434 -14 294 448 511 455 280 313
-3712 -3306 -2117 -1131 -377 261 725 1102 1392 1624 1681
726 738 822 756 588 324 -48 -510 -1134 -1968 -1980
-3712 -3306 -2117 -1131 -377 261 725 1102 1392 1624 1681
-1346 -1148 -541 -113 149 303 315 236 26 -328 -307
-2740 -2420 -1472 -716 -164 276 556 748 836 832 874
-2529 -2227 -1329 -622 -114 282 520 669 709 648 687
-2740 -2420 -1472 -716 -164 276 556 748 836 832 874
-879 -727 -252 59 225 291 229 81 -197 -624 -612
-246 -148 177 341 375 309 121 -156 -578 -1176 -1173
-3373 -2999 -1901 -998 -314 258 664 985 1217 1384 1435
-1979 -1727 -970 -395 -1 285 423 473 407 224 254
1487 1431 1324 1077 751 333 -181 -785 -1563 -2576 -2600
1487 1431 1324 1077 751 333 -181 -785 -1563 -2576 -2600
-2740 -2420 -1472 -716 -164 276 556 748 836 832 874
-2740 -2420 -1472 -716 -164 276 556 748 836 832 874
1909 1817 1610 1265 851 345 -253 -943 -1817 -2944 -2974
-2740 -2420 -1472 -716 -164 276 556 748 836 832 874
937 931 965 850 638 330 -84 -589 -1261 -2152 -2167
1276 1238 1181 983 701 327 -145 -706 -1436 -2392 -2413
-3840 -3420 -2190 -1170 -390 270 750 1140 1440 1680 1740
-3162 -2806 -1758 -904 -264 264 628 906 1090 1200 1248
937 931 965 850 638 330 -84 -589 -1261 -2152 -2167
-3162 -2806 -1758 -904 -264 264 628 906 1090 1200 1248
-457 -341 34 247 325 303 157 -77 -451 -992 -986
-3712 -3306 -2117 -1131 -377 261 725 1102 1392 1624 1681
-1429 -1227 -611 -168 112 288 326 277 105 -200 -179
93 159 393 474 438 306 60 -273 -753 -1416 -1419
-1979 -1727 -970 -395 -1 285 423 473 407 224 254
304 352 536 568 488 312 24 -352 -880 -1600 -1606
-2107 -1841 -1043 -434 -14 294 448 511 455 280 313
-2740 -2420 -1472 -716 -164 276 556 748 836 832 874
-2740 -2420 -1472 -716 -164 276 556 748 836 832 874
-3712 -3306 -2117 -1131 -377 261 725 1102 1392 1624 1681
-1135 -955 -398 -19 199 309 279 157 -101 -512 -494
-1557 -1341 -684 -207 99 297 351 315 153 -144 -120
-35 45 320 435 425 315 85 -235 -705 -1360 -1360
-3373 -2999 -1901 -998 -314 258 664 985 1217 1384 1435
-1346 -1148 -541 -113 149 303 315 236 26 -328 -307
-1979 -1727 -970 -395 -1 285 423 473 407 224 254
-1429 -1227 -611 -168 112 288 326 277 105 -200 -179
-3712 -3306 -2117 -1131 -377 261 725 1102 1392 1624 1681
-1007 -841 -325 20 212 300 254 119 -149 -568 -553
-3290 -2920 -1831 -943 -277 273 653 944 1138 1256 1307
1276 1238 1181 983 701 327 -145 -706 -1436 -2392 -2413
-2740 -2420 -1472 -716 -164 276 556 748 836 832 874
-2529 -2227 -1329 -622 -114 282 520 669 709 648 687
-2529 -2227 -1329 -622 -114 282 520 669 709 648 687
-1979 -1727 -970 -395 -1 285 423 473 407 224 254
304 352 536 568 488 312 24 -352 -880 -1600 -1606
-2740 -2420 -1472 -716 -164 276 556 748 836 832 874
-3712 -3306 -2117 -1131 -377 261 725 1102 1392 1624 1681
1698 1624 1467 1171 801 339 -217 -864 -1690 -2760 -2787
-1896 -1648 -900 -340 36 300 412 432 328 96 126
-246 -148 177 341 375 309 121 -156 -578 -1176 -1173
-3162 -2806 -1758 -904 -264 264 628 906 1090 1200 1248
-1557 -1341 -684 -207 99 297 351 315 153 -144 -120
-457 -341 34 247 325 303 157 -77 -451 -992 -986
-2529 -2227 -1329 -622 -114 282 520 669 709 648 687
-374 -262 104 302 362 318 146 -118 -530 -1120 -1114
-796 -648 -182 114 262 306 218 40 -276 -752 -740
387 431 606 623 525 327 13 -393 -959 -1728 -1734
-2107 -1841 -1043 -434 -14 294 448 511 455 280 313
1615 1545 1397 1116 764 324 -206 -823 -1611 -2632 -2659
-2740 -2420 -1472 -716 -164 276 556 748 836 832 874
-2740 -2420 -1472 -716 -164 276 556 748 836 832 874
-3079 -2727 -1688 -849 -227 279 617 865 1011 1072 1120
-2740 -2420 -1472 -716 -164 276 556 748 836 832 874
-457 -341 34 247 325 303 157 -77 -451 -992 -986
304 352 536 568 488 312 24 -352 -880 -1600 -1606
-246 -148 177 341 375 309 121 -156 -578 -1176 -1173
176 238 463 529 475 321 49 -314 -832 -1544 -1547
-2740 -2420 -1472 -716 -164 276 556 748 836 832 874
-2529 -2227 -1329 -622 -114 282 520 669 709 648 687
-3712 -3306 -2117 -1131 -377 261 725 1102 1392 1624 1681
-374 -262 104 302 362 318 146 -118 -530 -1120 -1114
-3290 -2920 -1831 -943 -277 273 653 944 1138 1256 1307
-1979 -1727 -970 -395 -1 285 423 473 407 224 254
-1429 -1227 -611 -168 112 288 326 277 105 -200 -179
1909 1817 1610 1265 851 345 -253 -943 -1817 -2944 -2974
726 738 822 756 588 324 -48 -510 -1134 -1968 -1980
-246 -148 177 341 375 309 121 -156 -578 -1176 -1173
1276 1238 1181 983 701 327 -145 -706 -1436 -2392 -2413
1909 1817 1610 1265 851 345 -253 -943 -1817 -2944 -2974
-3712 -3306 -2117 -1131 -377 261 725 1102 1392 1624 1681
-1007 -841 -325 20 212 300 254 119 -149 -568 -553
-457 -341 34 247 325 303 157 -77 -451 -992 -986
-1557 -1341 -684 -207 99 297 351 315 153 -144 -120
-1557 -1341 -684 -207 99 297 351 315 153 -144 -120
93 159 393 474 438 306 60 -273 -753 -1416 -1419
-3162 -2806 -1758 -904 -264 264 628 906 1090 1200 1248
-1979 -1727 -970 -395 -1 285 423 473 407 224 254
-1429 -1227 -611 -168 112 288 326 277 105 -200 -179
-2190 -1920 -1113 -489 -51 279 459 552 534 408 441
-246 -148 177 341 375 309 121 -156 -578 -1176 -1173
-3162 -2806 -1758 -904 -264 264 628 906 1090 1200 1248
-374 -262 104 302 362 318 146 -118 -530 -1120 -1114
-3162 -2806 -1758 -904 -264 264 628 906 1090 1200 1248
-457 -341 34 247 325 303 157 -77 -451 -992 -986
726 738 822 756 588 324 -48 -510 -1134 -1968 -1980
-2401 -2113 -1256 -583 -101 273 495 631 661 592 628
-1979 -1727 -970 -395 -1 285 423 473 407 224 254
304 352 536 568 488 312 24 -352 -880 -1600 -1606
176 238 463 529 475 321 49 -314 -832 -1544 -1547
-2740 -2420 -1472 -716 -164 276 556 748 836 832 874
854 852 895 795 601 315 -73 -548 -1182 -2024 -2039
-1429 -1227 -611 -168 112 288 326 277 105 -200 -179
-3290 -2920 -1831 -943 -277 273 653 944 1138 1256 1307
1615 1545 1397 1116 764 324 -206 -823 -1611 -2632 -2659
-457 -341 34 247 325 303 157 -77 -451 -992 -986
176 238 463 529 475 321 49 -314 -832 -1544 -1547
-246 -148 177 341 375 309 121 -156 -578 -1176 -1173
-1640 -1420 -754 -262 62 282 362 356 232 -16 8
-3079 -2727 -1688 -849 -227 279 617 865 1011 1072 1120
-2740 -2420 -1472 -716 -164 276 556 748 836 832 874
